A=[34.676752            0                    0                    -4.2142102685289e-05 -4.1408444222357     -0.017198350640729   -2.0031421073844e-05 -0.19165607023539    1.4063597518941     0.81541897509606     0.59847950633761     0.14330723710603     -0.0092416501438123  0.0036092138722832   -2.5165239257877e-05 0.19169998927328     1.405899624783      0.81365107300043    0.59688733645491    0.14359698254473     -0.0092545176327543  0.0035656861842147   -0  -0  -0  -0  -0  -0  -0  -0  -0  -0  -1                 -0                  -0                   -1                 -0                  -0                   -0                -0                -0 -0 -0 -0 
	0                    34.676752            0                    4.1410860359216      -1.6121051494871e-05 -0.72442718272349    2.2169238933635      -0.075641490838805   -0.0087936742095282 -0.0060899264945542  -0.0046462492288685  -0.00062589779876315 0.00075972287874829  -1.7350924856206e-05 2.2176041955547      -0.080206890781368   0.0095364398086904  0.0092765812384957  0.0074753700507679  -5.0954659222044e-05 -0.00073445774014962 3.708708292566e-06   -0  -0  -0  -0  -0  -0  -0  -0  -0  -0  -0                 -1                  -0                   -0                 -1                  -0                   -0                -0                -0 -0 -0 -0 
	0                    0                    34.676752            0.016873214762224    0.72440779736173     5.826315418016e-05   0.18648629324214     0.00018113878031663  -0.076777879903011  -0.48138438261537    -0.43111099867504    0.11124413310675     -0.0042692094733896  0.002102029896963    -0.17321074461404    -0.00067407795554984 -0.081319960675291  -0.484017718813     -0.43300300516914   0.11089079063706     -0.0042453765441688  0.0021751287569289   -0  -0  -0  -0  -0  -0  -0  -0  -0  -0  -0                 -0                  -1                   -0                 -0                  -1                   -0                -0                -0 -0 -0 -0 
	-4.2142102685289e-05 4.1410860359216      0.016873214762224    2.5385061460423      0.00087178187662226  -0.48540704798548    0.97333958276407     -0.13227460425736    -0.013020893836452  -0.065590451583513   -0.058386001800761   0.01358511065525     -0.00023209558352622 0.00025246715727549  0.97034614142654     -0.1340460236813     0.013762937464082   0.066039481552453   0.058718991595707   -0.01351877362963    0.00022982193973743  -0.00026165207194254 -0  -0  -0  -0  -0  -0  -0  -0  -0  -0  -0                 -0.90413639889421   0.12313639570575     -0                 -0.90052595009361   0.12123341677898     -0                -0                -0 -0 -0 -0 
	-4.1408444222357     -1.6121051494871e-05 0.72440779736173     0.00087178187662226  2.3206199266249      0.0058502705609697   0.0069629841928717   0.012095764344369    -0.85897192866929   -0.66254798008229    -0.54582538001688    -0.11496461333557    0.0017828844838089   -0.0035175028492561  -0.0054628906413721  -0.013153085951759   -0.85888834681783   -0.66229006979561   -0.54557215969498   -0.11493040853351    0.0017808284588486   -0.0034700183833893  -0  -0  -0  -0  -0  -0  -0  -0  -0  -0  0.90401896593158   9.8121859208172e-05 -0.10324633278688    0.90041032728811   -3.487252377146e-05 0.036693762465181    -0                -0                -0 -0 -0 -0 
	-0.017198350640729   -0.72442718272349    5.826315418016e-05   -0.48540704798548    0.0058502705609697   1.0747676785722      -0.24184201702866    0.18856549991925     -0.1811446052416    -0.10308110813211    -0.075297170852431   -0.018129170491274   0.00081961647860431  -0.00046223594086081 -0.24369757225883    0.18958913949447     0.17578162021084    0.098762687660583   0.071723371994828   0.017456099468046    -0.00080934327682971 0.00043523517541112  -0  -0  -0  -0  -0  -0  -0  -0  -0  -0  -0.12399380314402  0.10811320432296    -0.00056491372863323 -0.12208742146531  -0.031844302890393  -0.00068765949711263 -0                -0                -0 -0 -0 -0 
	-2.0031421073844e-05 2.2169238933635      0.18648629324214     0.97333958276407     0.0069629841928717   -0.24184201702866    0.98626325437582     -0.1322986035121     -0.0026524577295658 -0.00059803775993721 -0.00018133393917697 -0.0014334628263966  0.00034425609335027  -3.1316714453724e-05 0                    0                    0                   0                   0                   0                    0                    0                    -25 -0  -0  -0  -0  -0  -0  -0  -0  -0  -0                 -0                  -0                   -0                 -0                  -0                   -0                -0                -0 -0 -0 -0 
	-0.19165607023539    -0.075641490838805   0.00018113878031663  -0.13227460425736    0.012095764344369    0.18856549991925     -0.1322986035121     0.19713342647462     0.0063062834735645  0.0052187212437112   0.0040500773893483   0.00090726592937613  -0.00038631839209988 1.5739018350998e-05  0                    0                    0                   0                   0                   0                    0                    0                    -0  -25 -0  -0  -0  -0  -0  -0  -0  -0  -0                 -0                  -0                   -0                 -0                  -0                   -0                -0                -0 -0 -0 -0 
	1.4063597518941      -0.0087936742095282  -0.076777879903011   -0.013020893836452   -0.85897192866929    -0.1811446052416     -0.0026524577295658  0.0063062834735645   0.82206955643092    0.56556166339067     0.4708276005977      0.10752483180116     -0.0011627687867057  0.0032957887093304   0                    0                    0                   0                   0                   0                    0                    0                    -0  -0  -16 -0  -0  -0  -0  -0  -0  -0  -0                 -0                  -0                   -0                 -0                  -0                   -0                -0                -0 -0 -0 -0 
	0.81541897509606     -0.0060899264945542  -0.48138438261537    -0.065590451583513   -0.66254798008229    -0.10308110813211    -0.00059803775993721 0.0052187212437112   0.56556166339067    0.61083621411596     0.44074712094235     0.085791486756194    4.2298715735486e-05  0.0027958333747988   0                    0                    0                   0                   0                   0                    0                    0                    -0  -0  -0  -16 -0  -0  -0  -0  -0  -0  -0                 -0                  -0                   -0                 -0                  -0                   -0.11776674285253 -0                -0 -0 -0 -0 
	0.59847950633761     -0.0046462492288685  -0.43111099867504    -0.058386001800761   -0.54582538001688    -0.075297170852431   -0.00018133393917697 0.0040500773893483   0.4708276005977     0.44074712094235     0.3879245751269      0.077188288000659    0.00065225005011502  0.0025659638412219   0                    0                    0                   0                   0                   0                    0                    0                    -0  -0  -0  -0  -0  -0  -0  -0  -0  -0  -0                 -0                  -0                   -0                 -0                  -0                   -0.15658483963505 -0                -1 -0 -0 -0 
