[34.676752            0                    0                    -4.1230800387828e-05 -4.1408135887583     -0.017189975141035   -1.9541956608162e-05 -0.19165643985212    1.4063448317961     0.81540859437791     0.59846949726082     0.14330551056943     -0.0092416036001695  0.0036089126313693   -2.4678890151225e-05 0.19169961995898     1.4058805787045     0.81363820607991    0.5968750334672     0.14359500826555     -0.0092544667347384  0.0035654262842506   -0  -0  -0  -0  -0  -0  -0  -0  -0  -0  -1                 -0                  -0                   -1                 -0                   -0                   -0                -0                -0 -0 -0 -0 
	0                    34.676752            0                    4.1410451050804      -1.5831806141607e-05 -0.72442914545507    2.2169061766283      -0.075641905928879   -0.0087920628949983 -0.0060908762739556  -0.0046472624031218  -0.00062521501285635 0.00075969164503942  -1.733410231083e-05  2.2175809214555      -0.080208540647113   0.0095226019242336  0.0092672829709956  0.0074682721406059  -5.2019884329818e-05 -0.00073438048026168 3.6759913958607e-06  -0  -0  -0  -0  -0  -0  -0  -0  -0  -0  -0                 -1                  -0                   -0                 -1                   -0                   -0                -0                -0 -0 -0 -0 
	0                    0                    34.676752            0.016871548851762    0.72441162497651     5.7062606529436e-05  0.18648454603749     0.00018121232715289  -0.076778230941853  -0.48139432559296    -0.43111709695105    0.11124717005199     -0.0042693684370805  0.0021025664754558   -0.17321018571334    -0.00067410617081633 -0.081320092516608  -0.48402991305743   -0.43301052351417   0.1108941204697      -0.00424556023667    0.0021755735520108   -0  -0  -0  -0  -0  -0  -0  -0  -0  -0  -0                 -0                  -1                   -0                 -0                   -1                   -0                -0                -0 -0 -0 -0 
	-4.1230800387828e-05 4.1410451050804      0.016871548851762    2.5384605478159      0.00087165490517577  -0.48540376628314    0.97331859535928     -0.13227396708097    -0.013019860540585  -0.065590820712374   -0.058386018738559   0.013585617804413    -0.00023212097521214 0.00025254238782699  0.97032196060727     -0.13404534766614    0.013754409082785   0.066034573224654   0.058714618053047   -0.013520369463577   0.00022986854340789  -0.00026174623063037 -0  -0  -0  -0  -0  -0  -0  -0  -0  -0  -0                 -0.90411678720836   0.12313795126627     -0                 -0.90050516257304    0.12123562696605     -0                -0                -0 -0 -0 -0 
	-4.1408135887583     -1.5831806141607e-05 0.72441162497651     0.00087165490517577  2.3205840631153      0.0058482056029811   0.0069622028818106   0.012096147356361    -0.85895728688235   -0.66253759408387    -0.54581591096759    -0.11496114188283    0.001782712884245    -0.0035171680539831  -0.0054620584714777  -0.013151679736417   -0.85887061621348   -0.66227767305151   -0.54556087097097   -0.11492635389725    0.0017806277984579   -0.0034697153891929  -0  -0  -0  -0  -0  -0  -0  -0  -0  -0  0.90399937248031   9.8197070968034e-05 -0.10334275214132    0.90038955707769   -3.4775054088027e-05 0.036597321690887    -0                -0                -0 -0 -0 -0 
	-0.017189975141035   -0.72442914545507    5.7062606529436e-05  -0.48540376628314    0.0058482056029811   1.0747757333941      -0.24184053741015    0.18856941203745     -0.18114010415445   -0.10307786480035    -0.075294332673648   -0.018128619236128   0.000819599344469    -0.00046218731321269 -0.24369577017499    0.18959394015191     0.17578083686814    0.098762283127219   0.071722816966782   0.017456077513949    -0.00080933730281891 0.00043520968064275  -0  -0  -0  -0  -0  -0  -0  -0  -0  -0  -0.12399527224243  0.1081057635207     -0.00055070736011572 -0.12208954347089  -0.031851399496923   -0.00067365291404035 -0                -0                -0 -0 -0 -0 
	-1.9541956608162e-05 2.2169061766283      0.18648454603749     0.97331859535928     0.0069622028818106   -0.24184053741015    0.98624306079752     -0.1322979933696     -0.0026514026637162 -0.00059722394643718 -0.00018067033253947 -0.0014333288955513  0.00034425091096107  -3.1313231594347e-05 0                    0                    0                   0                   0                   0                    0                    0                    -25 -0  -0  -0  -0  -0  -0  -0  -0  -0  -0                 -0                  -0                   -0                 -0                   -0                   -0                -0                -0 -0 -0 -0 
	-0.19165643985212    -0.075641905928879   0.00018121232715289  -0.13227396708097    0.012096147356361    0.18856941203745     -0.1322979933696     0.19713736223569     0.0063061917027457  0.005218640108768    0.0040500011019201   0.00090725359713441  -0.00038632264862242 1.5737668882161e-05  0                    0                    0                   0                   0                   0                    0                    0                    -0  -25 -0  -0  -0  -0  -0  -0  -0  -0  -0                 -0                  -0                   -0                 -0                   -0                   -0                -0                -0 -0 -0 -0 
	1.4063448317961      -0.0087920628949983  -0.076778230941853   -0.013019860540585   -0.85895728688235    -0.18114010415445    -0.0026514026637162  0.0063061917027457   0.82205655507121    0.56555196476836     0.47081892040945     0.10752168217285     -0.0011626113101237  0.0032955078462602   0                    0                    0                   0                   0                   0                    0                    0                    -0  -0  -16 -0  -0  -0  -0  -0  -0  -0  -0                 -0                  -0                   -0                 -0                   -0                   -0                -0                -0 -0 -0 -0 
	0.81540859437791     -0.0060908762739556  -0.48139432559296    -0.065590820712374   -0.66253759408387    -0.10307786480035    -0.00059722394643718 0.005218640108768    0.56555196476836    0.61082981823105     0.44074111943273     0.085788334232851    4.2456483876791e-05  0.0027955476929235   0                    0                    0                   0                   0                   0                    0                    0                    -0  -0  -0  -16 -0  -0  -0  -0  -0  -0  -0                 -0                  -0                   -0                 -0                   -0                   -0.11776752306091 -0                -0 -0 -0 -0 
	0.59846949726082     -0.0046472624031218  -0.43111709695105    -0.058386018738559   -0.54581591096759    -0.075294332673648   -0.00018067033253947 0.0040500011019201   0.47081892040945    0.44074111943273     0.38791896799258     0.077185529852611    0.00065239147940008  0.0025657151531036   0                    0                    0                   0                   0                   0                    0                    0                    -0  -0  -0  -0  -0  -0  -0  -0  -0  -0  -0                 -0                  -0                   -0                 -0                   -0                   -0.15658563652861 -0                -1 -0 -0 -0 
	0.14330551056943     -0.00062521501285635 0.11124717005199     0.013585617804413    -0.11496114188283    -0.018128619236128   -0.0014333288955513  0.00090725359713441  0.10752168217285    0.085788334232851    0.077185529852611    0.073551218789966    0.0018506081448418   0.0022426883880452   0                    0                    0                   0                   0                   0                    0                    0                    -0  -0  -0  -0  -0  -0  -0  -0  -0  -0  -0                 -0                  -0                   -0                 -0                   -0                   -0.11780679378156 -0                -0 -0 -0 -0 
	-0.0092416036001695  0.00075969164503942  -0.0042693684370805  -0.00023212097521214 0.001782712884245    0.000819599344469    0.00034425091096107  -0.00038632264862242 -0.0011626113101237 4.2456483876791e-05  0.00065239147940008  0.0018506081448418   0.00185729584        0                    0                    0                    0                   0                   0                   0                    0                    0                    -0  -0  -0  -0  -0  -0  -0  -0  -0  -0  -0                 -0                  -0                   -0                 -0                   -0                   -0.10639352140677 -0                -0 -1 -0 -0 
	0.0036089126313693   -1.733410231083e-05  0.0021025664754558   0.00025254238782699  -0.0035171680539831  -0.00046218731321269 -3.1313231594347e-05 1.5737668882161e-05  0.0032955078462602  0.0027955476929235   0.0025657151531036   0.0022426883880452   0                    0.0128154871764      0                    0                    0                   0                   0                   0                    0                    0                    -0  -0  -0  -0  -50 -0  -0  -0  -0  -0  -0                 -0                  -0                   -0                 -0                   -0                   -0                -0                -0 -0 -0 -0 
	-2.4678890151225e-05 2.2175809214555      -0.17321018571334    0.97032196060727     -0.0054620584714777  -0.24369577017499    0                    0                    0                   0                    0                    0                    0                    0                    0.98508592845894     -0.13413758302641    0.0027729612224449  0.00068531917999399 0.00025377486614345 0.001450918373384    -0.00034330498347501 3.1966217559857e-05  -0  -0  -0  -0  -0  -25 -0  -0  -0  -0  0.0068424269529508 -0.90340518629228   -0.012640350527684   0.0068253781679828 -0.90053213631207    -0.013493059156025   -0                -0                -0 -0 -0 -0 
	0.19169961995898     -0.080208540647113   -0.00067410617081633 -0.13404534766614    -0.013151679736417   0.18959394015191     0                    0                    0                   0                    0                    0                    0                    0                    -0.13413758302641    0.1980106010059      -0.0062965381238253 -0.0052066242451507 -0.0040389715632909 -0.00090916285881149 0.00038725673228061  -1.5548045571422e-05 -0  -0  -0  -0  -0  -0  -25 -0  -0  -0  0.0036693670460046 0.060059273613729   0.00058771296754802  0.005605771344756  -0.079891496883464   -0.00072718871740092 -0                -0                -0 -0 -0 -0 
	1.4058805787045      0.0095226019242336   -0.081320092516608   0.013754409082785    -0.85887061621348    0.17578083686814     0                    0                    0                   0                    0                    0                    0                    0                    0.0027729612224449   -0.0062965381238253  0.82185678650301    0.56537568161825    0.47065699324577    0.10745339042877     -0.0011607005137072  0.0032557686532881   -0  -0  -0  -0  -0  -0  -0  -16 -0  -0  -0.81373360654583  -0.011782046368482  0.055661358097468    -0.81014035763392  -0.01041746381516    -0.084285528587132   -0                -0                -0 -0 -0 -0 
	0.81363820607991     0.0092672829709956   -0.48402991305743    0.066034573224654    -0.66227767305151    0.098762283127219    0                    0                    0                   0                    0                    0                    0                    0                    0.00068531917999399  -0.0052066242451507  0.56537568161825    0.61067702049905    0.44059815389065    0.085719567491212    4.4403778586277e-05  0.002755092206373    -0  -0  -0  -0  -0  -0  -0  -0  -16 -0  -0.71483004804913  -0.011052030285622  0.12361393857246     -0.71123679913723  -0.0096874477323     -0.016332948112141   -0                -0.11777803601736 -0 -0 -0 -0 
	0.5968750334672      0.0074682721406059   -0.43301052351417    0.058714618053047    -0.54556087097097    0.071722816966782    0                    0                    0                   0                    0                    0                    0                    0                    0.00025377486614345  -0.0040389715632909  0.47065699324577    0.44059815389065    0.38778583464043    0.077126595300897    0.00065413706926745  0.0025306803942696   -0  -0  -0  -0  -0  -0  -0  -0  -0  -0  -0.64014491475008  -0.0098427793764103 0.10489392050779     -0.63655166583818  -0.0084781968230883  -0.035052966176811   -0                -0.15659833060869 -0 -0 -1 -0 
	0.14359500826555     -5.2019884329818e-05 0.1108941204697      -0.013520369463577   -0.11492635389725    0.017456077513949    0                    0                    0                   0                    0                    0                    0                    0                    0.001450918373384    -0.00090916285881149 0.10745339042877    0.085719567491212   0.077126595300897   0.073566483038687    0.0018506081448418   0.0022503205124054   -0  -0  -0  -0  -0  -0  -0  -0  -0  -0  -0.35720054480863  -0.0028215446563154 -0.22572586622833    -0.35360729589672  -0.0014569621029934  -0.36567275291293    -0                -0.11782139023982 -0 -0 -0 -0 
	-0.0092544667347384  -0.00073438048026168 -0.00424556023667    0.00022986854340789  0.0017806277984579   -0.00080933730281891 0                    0                    0                   0                    0                    0                    0                    0                    -0.00034330498347501 0.00038725673228061  -0.0011607005137072 4.4403778586277e-05 0.00065413706926745 0.0018506081448418   0.00185729584        0                    -0  -0  -0  -0  -0  -0  -0  -0  -0  -0  -0                 -0                  -0                   -0                 -0                   -0                   -0                -0.10642064680415 -0 -0 -0 -1 
	0.0035654262842506   3.6759913958607e-06  0.0021755735520108   -0.00026174623063037 -0.0034697153891929  0.00043520968064275  0                    0                    0                   0                    0                    0                    0                    0                    3.1966217559857e-05  -1.5548045571422e-05 0.0032557686532881  0.002755092206373   0.0025306803942696  0.0022503205124054   0                    0.0128154871764      -0  -0  -0  -0  -0  -0  -0  -0  -0  -50 -0.052566007695651 -0.0011840156131217 0.048608085911385    -0.048972758783747 0.0001805669402003   -0.091338800773215   -0                -0                -0 -0 -0 -0 
	0                    0                    0                    0                    0                    0                    0                    0                    0                   0                    0                    0                    0                    0                    0                    0                    0                   0                   0                   0                    0                    0                    0   0   0   0   0   0   0   0   0   0   0                  0                   -1                   0                  0                    0                    0                 0                 0  0  0  0  
	0                    0                    0                    0                    0                    0                    0                    0                    0                   0                    0                    0                    0                    0                    0                    0                    0                   0                   0                   0                    0                    0                    0   0   0   0   0   0   0   0   0   0   1                  0                   -0.35355339059327    0                  0                    0                    0                 0                 0  0  0  0  
	0                    0                    0                    0                    0                    0                    0                    0                    0                   0                    0                    0                    0                    0                    0                    0                    0                   0                   0                   0                    0                    0                    0   0   0   0   0   0   0   0   0   0   -1                 0                   -0.35355339059327    0                  0                    0                    0                 0                 0  0  0  0  
	0                    0                    0                    0                    0                    0                    0                    0                    0                   0                    0                    0                    0                    0                    0                    0                    0                   0                   0                   0                    0                    0                    0   0   0   0   0   0   0   0   0   0   0                  1                   -0.35355339059327    0                  0                    0                    0                 0                 0  0  0  0  
	0                    0                    0                    0                    0                    0                    0                    0                    0                   0                    0                    0                    0                    0                    0                    0                    0                   0                   0                   0                    0                    0                    0   0   0   0   0   0   0   0   0   0   0                  -1                  -0.35355339059327    0                  0                    0                    0                 0                 0  0  0  0  
	0                    0                    0                    0                    0                    0                    0                    0                    0                   0                    0                    0                    0                    0                    0                    0                    0                   0                   0                   0                    0                    0                    0   0   0   0   0   0   0   0   0   0   0                  0                   0                    0                  0                    -1                   0                 0                 0  0  0  0  
	0                    0                    0                    0                    0                    0                    0                    0                    0                   0                    0                    0                    0                    0                    0                    0                    0                   0                   0                   0                    0                    0                    0   0   0   0   0   0   0   0   0   0   0                  0                   0                    1                  0                    -0.35355339059327    0                 0                 0  0  0  0  
	0                    0                    0                    0                    0                    0                    0                    0                    0                   0                    0                    0                    0                    0                    0                    0                    0                   0                   0                   0                    0                    0                    0   0   0   0   0   0   0   0   0   0   0                  0                   0                    -1                 0                    -0.35355339059327    0                 0                 0  0  0  0  
	0                    0                    0                    0                    0                    0                    0                    0                    0                   0                    0                    0                    0                    0                    0                    0                    0                   0                   0                   0                    0                    0                    0   0   0   0   0   0   0   0   0   0   0                  0                   0                    0                  1                    -0.35355339059327    0                 0                 0  0  0  0  
	0                    0                    0                    0                    0                    0                    0                    0                    0                   0                    0                    0                    0                    0                    0                    0                    0                   0                   0                   0                    0                    0                    0   0   0   0   0   0   0   0   0   0   0                  0                   0                    0                  -1                   -0.35355339059327    0                 0                 0  0  0  0  
	1                    0                    0                    0                    -0.90399937248031    0.12399527224243     0                    0                    0                   0                    0                    0                    0                    0                    -0.0068424269529508  -0.0036693670460046  0.81373360654583    0.71483004804913    0.64014491475008    0.35720054480863     0                    0.052566007695651    0   0   0   0   0   0   0   0   0   0   0                  0                   0                    0                  0                    0                    0                 0                 0  0  0  0  
	0                    1                    0                    0.90411678720836     -9.8197070968034e-05 -0.1081057635207     0                    0                    0                   0                    0                    0                    0                    0                    0.90340518629228     -0.060059273613729   0.011782046368482   0.011052030285622   0.0098427793764103  0.0028215446563154   0                    0.0011840156131217   0   0   0   0   0   0   0   0   0   0   0                  0                   0                    0                  0                    0                    0                 0                 0  0  0  0  
	0                    0                    1                    -0.12313795126627    0.10334275214132     0.00055070736011572  0                    0                    0                   0                    0                    0                    0                    0                    0.012640350527684    -0.00058771296754802 -0.055661358097468  -0.12361393857246   -0.10489392050779   0.22572586622833     0                    -0.048608085911385   0   0   0   0   0   0   0   0   0   0   0                  0                   0                    0                  0                    0                    0                 0                 0  0  0  0  
	1                    0                    0                    0                    -0.90038955707769    0.12208954347089     0                    0                    0                   0                    0                    0                    0                    0                    -0.0068253781679828  -0.005605771344756   0.81014035763392    0.71123679913723    0.63655166583818    0.35360729589672     0                    0.048972758783747    0   0   0   0   0   0   0   0   0   0   0                  0                   0                    0                  0                    0                    0                 0                 0  0  0  0  
	0                    1                    0                    0.90050516257304     3.4775054088027e-05  0.031851399496923    0                    0                    0                   0                    0                    0                    0                    0                    0.90053213631207     0.079891496883464    0.01041746381516    0.0096874477323     0.0084781968230883  0.0014569621029934   0                    -0.0001805669402003  0   0   0   0   0   0   0   0   0   0   0                  0                   0                    0                  0                    0                    0                 0                 0  0  0  0  
	0                    0                    1                    -0.12123562696605    -0.036597321690887   0.00067365291404035  0                    0                    0                   0                    0                    0                    0                    0                    0.013493059156025    0.00072718871740092  0.084285528587132   0.016332948112141   0.035052966176811   0.36567275291293     0                    0.091338800773215    0   0   0   0   0   0   0   0   0   0   0                  0                   0                    0                  0                    0                    0                 0                 0  0  0  0  
	0                    0                    0                    0                    0                    0                    0                    0                    0                   0.11776752306091     0.15658563652861     0.11780679378156     0.10639352140677     0                    0                    0                    0                   0                   0                   0                    0                    0                    0   0   0   0   0   0   0   0   0   0   0                  0                   0                    0                  0                    0                    0                 0                 0  0  0  0  
	0                    0                    0                    0                    0                    0                    0                    0                    0                   0                    0                    0                    0                    0                    0                    0                    0                   0.11777803601736    0.15659833060869    0.11782139023982     0.10642064680415     0                    0   0   0   0   0   0   0   0   0   0   0                  0                   0                    0                  0                    0                    0                 0                 0  0  0  0  
	0                    0                    0                    0                    0                    0                    0                    0                    0                   0                    1                    0                    0                    0                    0                    0                    0                   0                   0                   0                    0                    0                    0   0   0   0   0   0   0   0   0   0   0                  0                   0                    0                  0                    0                    0                 0                 0  0  0  0  
	0                    0                    0                    0                    0                    0                    0                    0                    0                   0                    0                    0                    1                    0                    0                    0                    0                   0                   0                   0                    0                    0                    0   0   0   0   0   0   0   0   0   0   0                  0                   0                    0                  0                    0                    0                 0                 0  0  0  0  
	0                    0                    0                    0                    0                    0                    0                    0                    0                   0                    0                    0                    0                    0                    0                    0                    0                   0                   1                   0                    0                    0                    0   0   0   0   0   0   0   0   0   0   0                  0                   0                    0                  0                    0                    0                 0                 0  0  0  0  
	0                    0                    0                    0                    0                    0                    0                    0                    0                   0                    0                    0                    0                    0                    0                    0                    0                   0                   0                   0                    1                    0                    0   0   0   0   0   0   0   0   0   0   0                  0                   0                    0                  0                    0                    0                 0                 0  0  0  0  ];

x = quadprog(H,f,[],[],Aconstr,bA,lb,ub)
