A=[34.676752            0                    0                    -4.2142102685289e-05 -4.1408444222357     -0.017198350640729   -2.0031421073844e-05 -0.19165607023539    1.4063597518941     0.81541897509606     0.59847950633761     0.14330723710603     -0.0092416501438123  0.0036092138722832   -2.5165239257877e-05 0.19169998927328     1.405899624783      0.81365107300043    0.59688733645491    0.14359698254473     -0.0092545176327543  0.0035656861842147   -0  -0  -0  -0  -0  -0  -0  -0  -0  -0  -1                 -0                  -0                   -1                 -0                  -0                   -0                -0                -0 -0 -0 -0 
	0                    34.676752            0                    4.1410860359216      -1.6121051494871e-05 -0.72442718272349    2.2169238933635      -0.075641490838805   -0.0087936742095282 -0.0060899264945542  -0.0046462492288685  -0.00062589779876315 0.00075972287874829  -1.7350924856206e-05 2.2176041955547      -0.080206890781368   0.0095364398086904  0.0092765812384957  0.0074753700507679  -5.0954659222044e-05 -0.00073445774014962 3.708708292566e-06   -0  -0  -0  -0  -0  -0  -0  -0  -0  -0  -0                 -1                  -0                   -0                 -1                  -0                   -0                -0                -0 -0 -0 -0 
	0                    0                    34.676752            0.016873214762224    0.72440779736173     5.826315418016e-05   0.18648629324214     0.00018113878031663  -0.076777879903011  -0.48138438261537    -0.43111099867504    0.11124413310675     -0.0042692094733896  0.002102029896963    -0.17321074461404    -0.00067407795554984 -0.081319960675291  -0.484017718813     -0.43300300516914   0.11089079063706     -0.0042453765441688  0.0021751287569289   -0  -0  -0  -0  -0  -0  -0  -0  -0  -0  -0                 -0                  -1                   -0                 -0                  -1                   -0                -0                -0 -0 -0 -0 
	-4.2142102685289e-05 4.1410860359216      0.016873214762224    2.5385061460423      0.00087178187662226  -0.48540704798548    0.97333958276407     -0.13227460425736    -0.013020893836452  -0.065590451583513   -0.058386001800761   0.01358511065525     -0.00023209558352622 0.00025246715727549  0.97034614142654     -0.1340460236813     0.013762937464082   0.066039481552453   0.058718991595707   -0.01351877362963    0.00022982193973743  -0.00026165207194254 -0  -0  -0  -0  -0  -0  -0  -0  -0  -0  -0                 -0.90413639889421   0.12313639570575     -0                 -0.90052595009361   0.12123341677898     -0                -0                -0 -0 -0 -0 
	-4.1408444222357     -1.6121051494871e-05 0.72440779736173     0.00087178187662226  2.3206199266249      0.0058502705609697   0.0069629841928717   0.012095764344369    -0.85897192866929   -0.66254798008229    -0.54582538001688    -0.11496461333557    0.0017828844838089   -0.0035175028492561  -0.0054628906413721  -0.013153085951759   -0.85888834681783   -0.66229006979561   -0.54557215969498   -0.11493040853351    0.0017808284588486   -0.0034700183833893  -0  -0  -0  -0  -0  -0  -0  -0  -0  -0  0.90401896593158   9.8121859208172e-05 -0.10324633278688    0.90041032728811   -3.487252377146e-05 0.036693762465181    -0                -0                -0 -0 -0 -0 
	-0.017198350640729   -0.72442718272349    5.826315418016e-05   -0.48540704798548    0.0058502705609697   1.0747676785722      -0.24184201702866    0.18856549991925     -0.1811446052416    -0.10308110813211    -0.075297170852431   -0.018129170491274   0.00081961647860431  -0.00046223594086081 -0.24369757225883    0.18958913949447     0.17578162021084    0.098762687660583   0.071723371994828   0.017456099468046    -0.00080934327682971 0.00043523517541112  -0  -0  -0  -0  -0  -0  -0  -0  -0  -0  -0.12399380314402  0.10811320432296    -0.00056491372863323 -0.12208742146531  -0.031844302890393  -0.00068765949711263 -0                -0                -0 -0 -0 -0 
	-2.0031421073844e-05 2.2169238933635      0.18648629324214     0.97333958276407     0.0069629841928717   -0.24184201702866    0.98626325437582     -0.1322986035121     -0.0026524577295658 -0.00059803775993721 -0.00018133393917697 -0.0014334628263966  0.00034425609335027  -3.1316714453724e-05 0                    0                    0                   0                   0                   0                    0                    0                    -25 -0  -0  -0  -0  -0  -0  -0  -0  -0  -0                 -0                  -0                   -0                 -0                  -0                   -0                -0                -0 -0 -0 -0 
	-0.19165607023539    -0.075641490838805   0.00018113878031663  -0.13227460425736    0.012095764344369    0.18856549991925     -0.1322986035121     0.19713342647462     0.0063062834735645  0.0052187212437112   0.0040500773893483   0.00090726592937613  -0.00038631839209988 1.5739018350998e-05  0                    0                    0                   0                   0                   0                    0                    0                    -0  -25 -0  -0  -0  -0  -0  -0  -0  -0  -0                 -0                  -0                   -0                 -0                  -0                   -0                -0                -0 -0 -0 -0 
	1.4063597518941      -0.0087936742095282  -0.076777879903011   -0.013020893836452   -0.85897192866929    -0.1811446052416     -0.0026524577295658  0.0063062834735645   0.82206955643092    0.56556166339067     0.4708276005977      0.10752483180116     -0.0011627687867057  0.0032957887093304   0                    0                    0                   0                   0                   0                    0                    0                    -0  -0  -16 -0  -0  -0  -0  -0  -0  -0  -0                 -0                  -0                   -0                 -0                  -0                   -0                -0                -0 -0 -0 -0 
	0.81541897509606     -0.0060899264945542  -0.48138438261537    -0.065590451583513   -0.66254798008229    -0.10308110813211    -0.00059803775993721 0.0052187212437112   0.56556166339067    0.61083621411596     0.44074712094235     0.085791486756194    4.2298715735486e-05  0.0027958333747988   0                    0                    0                   0                   0                   0                    0                    0                    -0  -0  -0  -16 -0  -0  -0  -0  -0  -0  -0                 -0                  -0                   -0                 -0                  -0                   -0.11776674285253 -0                -0 -0 -0 -0 
	0.59847950633761     -0.0046462492288685  -0.43111099867504    -0.058386001800761   -0.54582538001688    -0.075297170852431   -0.00018133393917697 0.0040500773893483   0.4708276005977     0.44074712094235     0.3879245751269      0.077188288000659    0.00065225005011502  0.0025659638412219   0                    0                    0                   0                   0                   0                    0                    0                    -0  -0  -0  -0  -0  -0  -0  -0  -0  -0  -0                 -0                  -0                   -0                 -0                  -0                   -0.15658483963505 -0                -1 -0 -0 -0 
	0.14330723710603     -0.00062589779876315 0.11124413310675     0.01358511065525     -0.11496461333557    -0.018129170491274   -0.0014334628263966  0.00090726592937613  0.10752483180116    0.085791486756194    0.077188288000659    0.073551127951737    0.0018506081448418   0.0022426429689306   0                    0                    0                   0                   0                   0                    0                    0                    -0  -0  -0  -0  -0  -0  -0  -0  -0  -0  -0                 -0                  -0                   -0                 -0                  -0                   -0.11780598712761 -0                -0 -0 -0 -0 
	-0.0092416501438123  0.00075972287874829  -0.0042692094733896  -0.00023209558352622 0.0017828844838089   0.00081961647860431  0.00034425609335027  -0.00038631839209988 -0.0011627687867057 4.2298715735486e-05  0.00065225005011502  0.0018506081448418   0.00185729584        0                    0                    0                    0                   0                   0                   0                    0                    0                    -0  -0  -0  -0  -0  -0  -0  -0  -0  -0  -0                 -0                  -0                   -0                 -0                  -0                   -0.1063916819097  -0                -0 -1 -0 -0 
	0.0036092138722832   -1.7350924856206e-05 0.002102029896963    0.00025246715727549  -0.0035175028492561  -0.00046223594086081 -3.1316714453724e-05 1.5739018350998e-05  0.0032957887093304  0.0027958333747988   0.0025659638412219   0.0022426429689306   0                    0.0128154871764      0                    0                    0                   0                   0                   0                    0                    0                    -0  -0  -0  -0  -50 -0  -0  -0  -0  -0  -0                 -0                  -0                   -0                 -0                  -0                   -0                -0                -0 -0 -0 -0 
	-2.5165239257877e-05 2.2176041955547      -0.17321074461404    0.97034614142654     -0.0054628906413721  -0.24369757225883    0                    0                    0                   0                    0                    0                    0                    0                    0.98511047310233     -0.13413827314698    0.002781484537838   0.00069171703934472 0.00025902281952879 0.0014521014773955   -0.00034332836693758 3.2001049451243e-05  -0  -0  -0  -0  -0  -25 -0  -0  -0  -0  0.0068382767678241 -0.90341291868467   -0.012640522592669   0.0068214813896095 -0.90055711437593   -0.013494761968507   -0                -0                -0 -0 -0 -0 
	0.19169998927328     -0.080206890781368   -0.00067407795554984 -0.1340460236813     -0.013153085951759   0.18958913949447     0                    0                    0                   0                    0                    0                    0                    0                    -0.13413827314698    0.19800580744483     -0.0062966499809536 -0.0052067224377703 -0.0040390637632974 -0.00090917688601606 0.00038725166889358  -1.5549215203885e-05 -0  -0  -0  -0  -0  -0  -25 -0  -0  -0  0.0036689966611433 0.06006590219827    0.00058829426472772  0.0056060491657159 -0.079885211547135  -0.00072661544335209 -0                -0                -0 -0 -0 -0 
	1.405899624783       0.0095364398086904   -0.081319960675291   0.013762937464082    -0.85888834681783    0.17578162021084     0                    0                    0                   0                    0                    0                    0                    0                    0.002781484537838    -0.0062966499809536  0.8218725561387     0.56538731532638    0.47066738408376    0.10745710469029     -0.001160889524078   0.0032560263649865   -0  -0  -0  -0  -0  -0  -0  -16 -0  -0  -0.81374769512214  -0.011785167705315  0.055574412949946    -0.81015562832505  -0.010420579910133  -0.084372504030295   -0                -0                -0 -0 -0 -0 
	0.81365107300043     0.0092765812384957   -0.484017718813      0.066039481552453    -0.66229006979561    0.098762687660583    0                    0                    0                   0                    0                    0                    0                    0                    0.00069171703934472  -0.0052067224377703  0.56538731532638    0.6106845182796     0.44060519020968    0.085723284316137    4.4214768215522e-05  0.0027553524814799   -0  -0  -0  -0  -0  -0  -0  -0  -16 -0  -0.71485067210418  -0.01105487901359   0.12353650176873     -0.7112586053071   -0.009690291218409  -0.016410415211507   -0                -0.11777711192074 -0 -0 -0 -0 
	0.59688733645491     0.0074753700507679   -0.43300300516914    0.058718991595707    -0.54557215969498    0.071723371994828    0                    0                    0                   0                    0                    0                    0                    0                    0.00025902281952879  -0.0040390637632974  0.47066738408376    0.44060519020968    0.38779240949792    0.077129850664295    0.00065396764008266  0.0025309074291912   -0  -0  -0  -0  -0  -0  -0  -0  -0  -0  -0.64016300092411  -0.0098453442843598 0.10482663005788     -0.63657093412703  -0.0084807564891783 -0.03512028692236    -0                -0.1565974075889  -0 -0 -1 -0 
	0.14359698254473     -5.0954659222044e-05 0.11089079063706     -0.01351877362963    -0.11493040853351    0.017456099468046    0                    0                    0                   0                    0                    0                    0                    0                    0.0014521014773955   -0.00090917688601606 0.10745710469029    0.085723284316137   0.077129850664295   0.073566418907988    0.0018506081448418   0.0022502884470559   -0  -0  -0  -0  -0  -0  -0  -0  -0  -0  -0.35717375154464  -0.00282253738005   -0.2257547101881     -0.35358168474756  -0.0014579495848685 -0.36570162716834    -0                -0.11782047524149 -0 -0 -0 -0 
	-0.0092545176327543  -0.00073445774014962 -0.0042453765441688  0.00022982193973743  0.0017808284588486   -0.00080934327682971 0                    0                    0                   0                    0                    0                    0                    0                    -0.00034332836693758 0.00038725166889358  -0.001160889524078  4.4214768215522e-05 0.00065396764008266 0.0018506081448418   0.00185729584        0                    -0  -0  -0  -0  -0  -0  -0  -0  -0  -0  -0                 -0                  -0                   -0                 -0                  -0                   -0                -0.10641849210394 -0 -0 -0 -1 
	0.0035656861842147   3.708708292566e-06   0.0021751287569289   -0.00026165207194254 -0.0034700183833893  0.00043523517541112  0                    0                    0                   0                    0                    0                    0                    0                    3.2001049451243e-05  -1.5549215203885e-05 0.0032560263649865  0.0027553524814799  0.0025309074291912  0.0022502884470559   0                    0.0128154871764      -0  -0  -0  -0  -0  -0  -0  -0  -0  -50 -0.052565593786477 -0.0011842573848724 0.04860852762964     -0.048973526989396 0.00018033041030907 -0.091338389350601   -0                -0                -0 -0 -0 -0 
	0                    0                    0                    0                    0                    0                    0                    0                    0                   0                    0                    0                    0                    0                    0                    0                    0                   0                   0                   0                    0                    0                    0   0   0   0   0   0   0   0   0   0   0                  0                   -1                   0                  0                   0                    0                 0                 0  0  0  0  
	0                    0                    0                    0                    0                    0                    0                    0                    0                   0                    0                    0                    0                    0                    0                    0                    0                   0                   0                   0                    0                    0                    0   0   0   0   0   0   0   0   0   0   1                  0                   -0.35355339059327    0                  0                   0                    0                 0                 0  0  0  0  
	0                    0                    0                    0                    0                    0                    0                    0                    0                   0                    0                    0                    0                    0                    0                    0                    0                   0                   0                   0                    0                    0                    0   0   0   0   0   0   0   0   0   0   -1                 0                   -0.35355339059327    0                  0                   0                    0                 0                 0  0  0  0  
	0                    0                    0                    0                    0                    0                    0                    0                    0                   0                    0                    0                    0                    0                    0                    0                    0                   0                   0                   0                    0                    0                    0   0   0   0   0   0   0   0   0   0   0                  1                   -0.35355339059327    0                  0                   0                    0                 0                 0  0  0  0  
	0                    0                    0                    0                    0                    0                    0                    0                    0                   0                    0                    0                    0                    0                    0                    0                    0                   0                   0                   0                    0                    0                    0   0   0   0   0   0   0   0   0   0   0                  -1                  -0.35355339059327    0                  0                   0                    0                 0                 0  0  0  0  
	0                    0                    0                    0                    0                    0                    0                    0                    0                   0                    0                    0                    0                    0                    0                    0                    0                   0                   0                   0                    0                    0                    0   0   0   0   0   0   0   0   0   0   0                  0                   0                    0                  0                   -1                   0                 0                 0  0  0  0  
	0                    0                    0                    0                    0                    0                    0                    0                    0                   0                    0                    0                    0                    0                    0                    0                    0                   0                   0                   0                    0                    0                    0   0   0   0   0   0   0   0   0   0   0                  0                   0                    1                  0                   -0.35355339059327    0                 0                 0  0  0  0  
	0                    0                    0                    0                    0                    0                    0                    0                    0                   0                    0                    0                    0                    0                    0                    0                    0                   0                   0                   0                    0                    0                    0   0   0   0   0   0   0   0   0   0   0                  0                   0                    -1                 0                   -0.35355339059327    0                 0                 0  0  0  0  
	0                    0                    0                    0                    0                    0                    0                    0                    0                   0                    0                    0                    0                    0                    0                    0                    0                   0                   0                   0                    0                    0                    0   0   0   0   0   0   0   0   0   0   0                  0                   0                    0                  1                   -0.35355339059327    0                 0                 0  0  0  0  
	0                    0                    0                    0                    0                    0                    0                    0                    0                   0                    0                    0                    0                    0                    0                    0                    0                   0                   0                   0                    0                    0                    0   0   0   0   0   0   0   0   0   0   0                  0                   0                    0                  -1                  -0.35355339059327    0                 0                 0  0  0  0  
	1                    0                    0                    0                    -0.90401896593158    0.12399380314402     0                    0                    0                   0                    0                    0                    0                    0                    -0.0068382767678241  -0.0036689966611433  0.81374769512214    0.71485067210418    0.64016300092411    0.35717375154464     0                    0.052565593786477    0   0   0   0   0   0   0   0   0   0   0                  0                   0                    0                  0                   0                    0                 0                 0  0  0  0  
	0                    1                    0                    0.90413639889421     -9.8121859208172e-05 -0.10811320432296    0                    0                    0                   0                    0                    0                    0                    0                    0.90341291868467     -0.06006590219827    0.011785167705315   0.01105487901359    0.0098453442843598  0.00282253738005     0                    0.0011842573848724   0   0   0   0   0   0   0   0   0   0   0                  0                   0                    0                  0                   0                    0                 0                 0  0  0  0  
	0                    0                    1                    -0.12313639570575    0.10324633278688     0.00056491372863323  0                    0                    0                   0                    0                    0                    0                    0                    0.012640522592669    -0.00058829426472772 -0.055574412949946  -0.12353650176873   -0.10482663005788   0.2257547101881      0                    -0.04860852762964    0   0   0   0   0   0   0   0   0   0   0                  0                   0                    0                  0                   0                    0                 0                 0  0  0  0  
	1                    0                    0                    0                    -0.90041032728811    0.12208742146531     0                    0                    0                   0                    0                    0                    0                    0                    -0.0068214813896095  -0.0056060491657159  0.81015562832505    0.7112586053071     0.63657093412703    0.35358168474756     0                    0.048973526989396    0   0   0   0   0   0   0   0   0   0   0                  0                   0                    0                  0                   0                    0                 0                 0  0  0  0  
	0                    1                    0                    0.90052595009361     3.487252377146e-05   0.031844302890393    0                    0                    0                   0                    0                    0                    0                    0                    0.90055711437593     0.079885211547135    0.010420579910133   0.009690291218409   0.0084807564891783  0.0014579495848685   0                    -0.00018033041030907 0   0   0   0   0   0   0   0   0   0   0                  0                   0                    0                  0                   0                    0                 0                 0  0  0  0  
	0                    0                    1                    -0.12123341677898    -0.036693762465181   0.00068765949711263  0                    0                    0                   0                    0                    0                    0                    0                    0.013494761968507    0.00072661544335209  0.084372504030295   0.016410415211507   0.03512028692236    0.36570162716834     0                    0.091338389350601    0   0   0   0   0   0   0   0   0   0   0                  0                   0                    0                  0                   0                    0                 0                 0  0  0  0  
	0                    0                    0                    0                    0                    0                    0                    0                    0                   0.11776674285253     0.15658483963505     0.11780598712761     0.1063916819097      0                    0                    0                    0                   0                   0                   0                    0                    0                    0   0   0   0   0   0   0   0   0   0   0                  0                   0                    0                  0                   0                    0                 0                 0  0  0  0  
	0                    0                    0                    0                    0                    0                    0                    0                    0                   0                    0                    0                    0                    0                    0                    0                    0                   0.11777711192074    0.1565974075889     0.11782047524149     0.10641849210394     0                    0   0   0   0   0   0   0   0   0   0   0                  0                   0                    0                  0                   0                    0                 0                 0  0  0  0  
	0                    0                    0                    0                    0                    0                    0                    0                    0                   0                    1                    0                    0                    0                    0                    0                    0                   0                   0                   0                    0                    0                    0   0   0   0   0   0   0   0   0   0   0                  0                   0                    0                  0                   0                    0                 0                 0  0  0  0  
	0                    0                    0                    0                    0                    0                    0                    0                    0                   0                    0                    0                    1                    0                    0                    0                    0                   0                   0                   0                    0                    0                    0   0   0   0   0   0   0   0   0   0   0                  0                   0                    0                  0                   0                    0                 0                 0  0  0  0  
	0                    0                    0                    0                    0                    0                    0                    0                    0                   0                    0                    0                    0                    0                    0                    0                    0                   0                   1                   0                    0                    0                    0   0   0   0   0   0   0   0   0   0   0                  0                   0                    0                  0                   0                    0                 0                 0  0  0  0  
	0                    0                    0                    0                    0                    0                    0                    0                    0                   0                    0                    0                    0                    0                    0                    0                    0                   0                   0                   0                    1                    0                    0   0   0   0   0   0   0   0   0   0   0                  0                   0                    0                  0                   0                    0                 0                 0  0  0  0  ];
A = [A(1:22+8,:); A([33:36 38:end],:)];
Aconstr = [A; -A];
lbA = [-0.052455010273303   
	0.060932777907861    
	-340.15346963562     
	-0.16310272699915    
	-7.0946700238592     
	-0.00085253816870954 
	-1.8282423510632     
	-0.0024639068455142  
	0.74630963056373     
	4.7205940255379      
	4.2286533043881      
	-1.0954056583753     
	0.042123332173433    
	-0.020703094898987   
	1.7007215649148      
	0.0065614996655331   
	0.79253896017763     
	4.7477369244633      
	4.2482565947569      
	-1.0918159645963     
	0.041874343617449    
	-0.02141863848613    
	-inf               
	-inf               
	-inf               
	-inf                            
	-inf               
	-inf               
	-inf               
	-inf               
	-0.0078783048681221  
	0.00049816516937442  
	-0.02811054682514    
	-0.0076105345340116   
	-0.027591880764899   
	7.6675359531381e-05  
	3.3538617254748e-05  
	0                    
	0                    
	0                    
	0                     ];
ubA =[-0.052455010273303   
	0.060932777907861    
	-340.15346963562     
	-0.16310272699915    
	-7.0946700238592     
	-0.00085253816870954 
	-1.8282423510632     
	-0.0024639068455142  
	0.74630963056373     
	4.7205940255379      
	4.2286533043881      
	-1.0954056583753     
	0.042123332173433    
	-0.020703094898987   
	1.7007215649148      
	0.0065614996655331   
	0.79253896017763     
	4.7477369244633      
	4.2482565947569      
	-1.0918159645963     
	0.041874343617449    
	-0.02141863848613    
	0                    
	0                    
	0                    
	0                    
	0                    
	0                                      
	0                    
	0                    
	-0.0078783048681221  
	0.00049816516937442  
	-0.02811054682514    
	-0.0076105345340116    
	-0.027591880764899   
	7.6675359531381e-05  
	3.3538617254748e-05  
	0                    
	0                    
	0                    
	0                     ];
bA = [ubA;-lbA];
lb = [-inf 
	-inf 
	-inf 
	-inf 
	-inf 
	-inf 
	-inf 
	-inf 
	-inf 
	-inf 
	-inf 
	-inf 
	-inf 
	-inf 
	-inf 
	-inf 
	-inf 
	-inf 
	-inf 
	-inf 
	-inf 
	-inf 
	-4.5   
	-4.5   
	-12.2  
	-12.2  
	-0.9   
	-4.5   
	-4.5   
	-12.2  
	-12.2  
	0      
	-inf 
	-inf 
	-inf 
	-inf 
	-inf 
	-inf 
	-inf 
	-inf 
	-inf 
	-inf 
	-inf ];
ub = [inf 
	inf 
	inf 
	inf 
	inf 
	inf 
	inf 
	inf 
	inf 
	inf 
	inf 
	inf 
	inf 
	inf 
	inf 
	inf 
	inf 
	inf 
	inf 
	inf 
	inf 
	inf 
	4.5   
	4.5   
	12.2  
	12.2  
	0.9   
	4.5   
	4.5   
	12.2  
	12.2  
	0     
	inf 
	inf 
	inf  
	inf 
	inf 
	inf 
	inf 
	inf 
	inf 
	inf 
	inf ];
H =[0 0 0 0                   0                    0                    0                    0                    0                    0                    0 0 0                    0                    0                    0                    0                    0                   0 0 0                    0                    0     0     0     0     0     0     0     0     0     0     0     0     0     0     0     0     0     0     0     0     0     0     
	0 0 0 0                   0                    0                    0                    0                    0                    0                    0 0 0                    0                    0                    0                    0                    0                   0 0 0                    0                    0     0     0     0     0     0     0     0     0     0     0     0     0     0     0     0     0     0     0     0     0     0     
	0 0 0 0                   0                    0                    0                    0                    0                    0                    0 0 0                    0                    0                    0                    0                    0                   0 0 0                    0                    0     0     0     0     0     0     0     0     0     0     0     0     0     0     0     0     0     0     0     0     0     0     
	0 0 0 107.86719507264     -0.63255391257409    -0.54611670190658    -0.08293234414036    0.00048358858953814  -0.014888874359671   -8.9769553050759     0 0 -0.0015309945526662  0.13804707430792     -0.52191074050669    0.0050606657707372   0.25779710545729     12.898092823734     0 0 -0.0015224613571523  0.00077848976366861  0     0     0     0     0     0     0     0     0     0     0     0     0     0     0     0     0     0     0     0     0     0     
	0 0 0 -0.63255391257409   200.11786679617      -0.187121842785      0.59467530813194     0.14069640516314     -100.00139839927     0.14265936639225     0 0 0.00043376625130754  -99.998195073291     0.063778213284013    -0.00059807347683614 -0.0092142872247024  -1.2452985411228    0 0 0.00043134859918509  -0.0002205641985334  0     0     0     0     0     0     0     0     0     0     0     0     0     0     0     0     0     0     0     0     0     0     
	0 0 0 -0.54611670190658   -0.187121842785      0.0031184248269001   -0.00092066625467218 -0.00013097602382045 0.09442058445658     0.0010723716046797   0 0 7.8314868347355e-06  0.094290238662039    0.0010977165628693   -8.9990470277257e-06 -0.00034291254320414 -0.020974174867395  0 0 7.7878370332333e-06  -3.9822038063622e-06 0     0     0     0     0     0     0     0     0     0     0     0     0     0     0     0     0     0     0     0     0     0     
	0 0 0 -0.08293234414036   0.59467530813194     -0.00092066625467218 72.574430576964      -0.78269418857558    -1.0061373389619     -0.039795926254577   0 0 -6.7503550203142e-05 -0.612025615142      -72.551235720826     1.0007017004812      -0.4215459700929     -0.4912920255156    0 0 -6.7127310463584e-05 3.4324630843996e-05  0     0     0     0     0     0     0     0     0     0     0     0     0     0     0     0     0     0     0     0     0     0     
	0 0 0 0.00048358858953814 0.14069640516314     -0.00013097602382045 -0.78269418857558    100.01063314751      0.20215703400026     0.1607230930255      0 0 3.3062914037672e-07  -0.14068336295511    0.78339389353113     -0.008838509738839   -0.33398437728997    -0.1534423173679    0 0 3.287863362384e-07   -1.6812039009618e-07 0     0     0     0     0     0     0     0     0     0     0     0     0     0     0     0     0     0     0     0     0     0     
	0 0 0 -0.014888874359671  -100.00139839927     0.09442058445658     -1.0061373389619     0.20215703400026     158.04918676963      27.527338072945      0 0 2.4857038859972e-05  99.998010028739      0.41299781796659     0.33157986620694     -58.041103739425     -27.495193144266    0 0 2.4718494949337e-05  -1.2639463861483e-05 0     0     0     0     0     0     0     0     0     0     0     0     0     0     0     0     0     0     0     0     0     0     
	0 0 0 -8.9769553050759    0.14265936639225     0.0010723716046797   -0.039795926254577   0.1607230930255      27.527338072945      25.02934519977       0 0 0.00021072712553815  -0.00010360892852783 0.69450682932172     0.1507600643418      -27.614421633047     -25.56131537067     0 0 0.0002095526107372   -0.00010715185751587 0     0     0     0     0     0     0     0     0     0     0     0     0     0     0     0     0     0     0     0     0     0     
	0 0 0 0                   0                    0                    0                    0                    0                    0                    0 0 0                    0                    0                    0                    0                    0                   0 0 0                    0                    0     0     0     0     0     0     0     0     0     0     0     0     0     0     0     0     0     0     0     0     0     0     
	0 0 0 0                   0                    0                    0                    0                    0                    0                    0 0 0                    0                    0                    0                    0                    0                   0 0 0                    0                    0     0     0     0     0     0     0     0     0     0     0     0     0     0     0     0     0     0     0     0     0     0     
	0 0 0 -0.0015309945526662 0.00043376625130754  7.8314868347355e-06  -6.7503550203142e-05 3.3062914037672e-07  2.4857038859972e-05  0.00021072712553815  0 0 1.5389317491922e-06  -7.5665185102382e-07 0.00021570755411615  -1.7683639742604e-06 -6.7384267006932e-05 -0.0041215447714702 0 0 1.5303543146902e-06  -7.8252571940533e-07 0     0     0     0     0     0     0     0     0     0     0     0     0     0     0     0     0     0     0     0     0     0     
	0 0 0 0.13804707430792    -99.998195073291     0.094290238662039    -0.612025615142      -0.14068336295511    99.998010028739      -0.00010360892852783 0 0 -7.5665185102382e-07 99.998022622311      -0.00010605767292021 8.6945757998462e-07  3.3131053659593e-05  0.002026454052988   0 0 -7.5243455438521e-07 3.8474710419913e-07  0     0     0     0     0     0     0     0     0     0     0     0     0     0     0     0     0     0     0     0     0     0     
	0 0 0 -0.52191074050669   0.063778213284013    0.0010977165628693   -72.551235720826     0.78339389353113     0.41299781796659     0.69450682932172     0 0 0.00021570755411615  -0.00010605767292021 72.578921560876      -1.0008566743779     0.39380513681565     -0.54237264106917   0 0 0.00021450528025445  -0.00010968433723881 0     0     0     0     0     0     0     0     0     0     0     0     0     0     0     0     0     0     0     0     0     0     
	0 0 0 0.0050606657707372  -0.00059807347683614 -8.9990470277257e-06 1.0007017004812      -0.008838509738839   0.33157986620694     0.1507600643418      0 0 -1.7683639742604e-06 8.6945757998462e-07  -1.0008566743779     100.01576210602      -0.34270721979961    -0.15539523695989   0 0 -1.7585077696738e-06 8.9918886382021e-07  0     0     0     0     0     0     0     0     0     0     0     0     0     0     0     0     0     0     0     0     0     0     
	0 0 0 0.25779710545729    -0.0092142872247024  -0.00034291254320414 -0.4215459700929     -0.33398437728997    -58.041103739425     -27.614421633047     0 0 -6.7384267006932e-05 3.3131053659593e-05  0.39380513681565     -0.34270721979961    58.04202698417       27.698558671994     0 0 -6.7008692107646e-05 3.4263976980718e-05  0     0     0     0     0     0     0     0     0     0     0     0     0     0     0     0     0     0     0     0     0     0     
